Ignác
5 16 10 10 
0.05
1 2 3 4 5 6 7 8 9 10 
1 1 
1.06744 1.64471 -1.8127 -1.44926 -2.3031 
0.647006 -1.18567 -1.25653 -2.4839 0.706726 
2.39598 -0.159336 -2.98857 1.06474 -3.78598 
1.85197 -6.53714 1.62629 -1.64693 0.932962 
-1.13604 -1.60856 -0.214711 -2.12787 -1.40651 
-4.96176 1.4064 2.44801 0.271765 2.48772 
-0.33816 -0.742589 0.763632 -0.601835 7.92805 
-0.601706 3.31873 0.540044 -7.51053 1.54572 
-0.740246 0.234182 -2.86578 -2.19369 -1.02043 
-0.579328 -0.624556 0.289681 -0.402076 -1.1174 
2.15006 -1.44083 -1.41292 0.943805 -3.79136 
-0.704259 0.58882 -1.4587 7.21632 -0.0145079 
4.59357 -0.835558 4.33833 1.57296 1.1611 
0.0921727 -0.236334 7.72649 -1.1168 -2.20631 
0.714321 0.438429 -0.48667 -1.59799 3.93538 
-0.935766 1.80577 -1.38037 -0.722283 5.42361 
-0.273316 0.58936 -0.269263 1.48615 2.15994 -2.03527 -1.58242 -0.83398 0.40233 0.0124723 -0.252825 -2.00741 -1.67837 -2.77408 -0.117167 -1.54202 
0.918684 -0.65168 -0.901238 -1.5642 -1.82149 -1.29355 -2.11527 2.98695 1.00352 0.152304 1.8441 -1.35714 -0.00693902 -2.08381 -1.78435 -0.246475 
-1.29083 0.486901 0.607711 0.620192 0.877827 -0.691399 -3.2934 2.80581 0.569137 0.0977953 0.51512 -0.0364066 -2.81827 0.463343 -2.07512 -0.652787 
1.03891 1.16217 2.17159 -2.01488 0.543702 -1.27968 -5.06084 1.79887 2.11606 0.516657 1.1694 0.841225 -3.71262 2.20271 -3.05713 -4.41746 
-2.86743 -1.09248 -0.222635 -5.281 -0.599939 0.426958 0.776444 -0.801599 -0.566652 -0.346606 0.323915 -0.206972 -1.03616 -1.36156 -1.46539 -0.511697 
-0.532821 0.748617 -0.586654 -1.0105 -1.42326 -2.08051 0.492152 -1.09703 -0.0303439 -0.924316 -0.685132 -0.809819 -2.02777 -2.09315 2.40322 -0.264013 
-0.190755 -2.12424 -0.8414 -2.90774 -1.37414 2.28339 -2.21918 -0.0774919 -0.27947 0.0330302 0.132289 1.36191 -2.96558 -1.97433 -0.1449 0.772646 
-0.932473 -0.498477 1.56012 -0.294697 0.321746 1.72092 0.223745 -2.50493 -2.88734 0.748337 -1.0835 -3.23581 -0.279985 -3.21164 -1.62752 -0.219565 
0.346 -1.45062 -2.70416 -0.681369 -2.89011 -2.53119 -0.456214 2.1089 -0.752733 -0.942224 2.09593 1.83258 1.11469 1.27028 -1.10587 -0.580386 
-0.228279 -1.39667 -2.61461 2.23852 -1.51101 0.207292 -0.981465 2.42329 -0.967773 -0.246272 -0.775962 -0.244509 -2.46738 2.73483 -0.410019 -1.18255 
0.274732 -0.120875 -0.338126 0.516492 -0.0889376 0.701147 -0.464653 0.885637 -0.0473784 0.868681 
-0.328059 -0.265455 -1.06961 0.687111 1.14174 -1.26674 -0.808757 -0.989572 -0.392069 -1.21416 
-0.592782 -2.66775 -0.231658 2.15987 0.419672 0.287961 0.735152 -2.66858 -0.533434 -0.516873 
-0.597541 0.417929 1.8834 -0.942157 1.38632 0.642139 -1.38581 -0.10296 0.816463 0.807876 
2.4329 1.38264 0.555952 -1.5491 -0.789867 -0.173175 1.23087 -0.18239 0.669954 1.48388 
-0.859693 0.477859 -0.497248 0.868673 -0.100257 -0.712073 0.460224 -0.628056 -0.115599 0.0566974 
0.351639 0.530342 -0.531041 0.191154 -1.05579 1.83073 0.545273 0.965858 -0.17928 1.07794 
0.411624 0.225491 -0.796622 0.543283 0.10801 1.05711 -0.155285 1.19945 -0.186489 0.518797 
-1.16385 -0.725672 -0.564423 0.439547 -1.60787 -0.792923 -1.91714 -0.0160194 -2.68615 -0.942718 
-0.853715 -0.997356 -0.139433 1.39586 -0.0831997 -0.764131 -0.116447 -1.10365 -2.24696 -1.27255 
0.0754411 0.612311 2.00268 1.11604 2.78504 0.0810917 -2.39025 -1.93239 1.37037 -0.808542 -1.57218 -2.79685 -2.45809 -2.58735 -1.59495 -1.46556 
-1.02946 -0.152389 -0.2515 -1.31739 -0.0716597 -0.677845 -1.78662 -0.247305 -1.55161 -1.73583 
-0.260056 0.0832621 0.340204 0.0250991 0.0929521 -0.655278 -0.00189241 0.0635534 0.149715 0.142593 
