Project B - final test
64 32 10 4 
0.06
kör X háromszög smiley 
1 1 
0.949336 0.148773 0.0306336 0.846749 0.737483 0.298353 0.264727 -1.0147 0.990287 0.311882 0.788599 0.823492 0.998537 0.647654 0.665885 0.107902 -0.577115 0.742605 0.0101534 0.673125 0.273735 -0.285673 0.519082 1.07692 0.332225 0.167394 -0.505017 -1.1411 -1.01335 -0.0904813 -0.525788 -0.0236551 -0.175829 -0.566211 0.754857 -0.127488 -0.148569 0.875721 -0.783087 0.811082 -0.630544 0.567181 -0.32552 0.438213 1.32392 0.902456 0.22923 -0.25716 0.323059 0.201557 1.53129 -0.104672 1.56679 -0.644401 -0.423304 -0.280065 0.242838 -0.631338 0.500007 0.460298 0.693663 -1.27412 -0.740079 -0.728225 
-0.665416 -0.922907 0.300726 -0.0514803 0.359834 0.949898 0.521317 0.199846 0.26649 0.706632 -0.635712 -0.0898363 0.628499 0.184299 -1.38579 0.666701 0.741754 -0.353824 0.687641 1.367 1.41655 0.903361 0.849076 0.25018 0.0342874 0.978102 0.199355 0.573121 0.380181 0.490804 0.229516 -1.40369 0.678943 -0.421884 0.891533 -0.131466 0.276751 -0.200468 -0.18666 -0.749265 -0.511563 0.0702253 -0.766627 0.136317 0.230083 0.0705483 0.495337 -0.0921679 -0.0958847 1.06312 0.441853 -0.867152 -1.18815 -0.608137 -0.493742 0.145857 0.279252 0.956386 -0.254293 0.881298 0.110585 -0.0514529 0.702518 0.654169 
-0.437087 -0.774115 0.293415 -0.398119 -0.0759018 -0.732929 0.461668 0.467582 0.054404 0.581347 -0.587181 -0.328385 -0.993057 -0.320665 -0.00739795 0.793382 0.800831 -0.022938 -1.41337 -1.18236 -0.623909 -1.13949 -1.34063 -0.652615 -0.144596 -0.108797 -0.247872 -0.793074 0.366564 0.0413387 0.775556 0.58733 -0.379408 0.931958 0.609463 -0.758761 0.457188 1.15488 -0.314337 -0.110964 -0.538784 -0.715445 0.333785 -0.408245 0.915753 0.983158 0.0463088 0.612273 -0.527673 -0.233543 -0.689259 -0.266273 0.368978 -1.08136 -0.661892 -1.05798 -0.464267 -0.746396 0.712458 -1.10899 -1.02498 0.0695512 -0.773445 -0.245527 
-0.567042 -0.488936 -0.18926 1.56076 0.255852 0.554313 -0.646979 -0.0388014 -0.34272 -0.31103 -0.122004 -0.133674 0.25032 -0.279951 0.559761 -0.400374 -0.467244 -0.964159 -0.101615 -0.276323 -0.229827 -0.111445 0.0160459 0.62967 0.0432547 -0.490299 0.943288 -0.480877 -0.727906 0.289351 -0.124531 0.318131 -0.271819 0.952004 -0.00746024 -0.0701383 -0.42186 0.15045 0.67323 0.326014 0.825574 -0.589153 0.55918 -0.509509 0.322221 -0.430588 -0.621654 0.825159 -0.264059 0.478188 0.283848 0.662894 1.63332 0.555712 0.393412 -0.448861 -0.806858 0.634099 0.874167 0.64183 0.127661 0.66893 0.424968 0.0656204 
0.694278 0.308421 -0.60903 0.313348 0.244161 -0.0123155 0.800651 0.100525 0.142933 -0.551427 -0.238526 0.29669 -0.728949 -0.0354109 0.185955 -0.659149 -0.355306 0.441662 -0.796559 1.06623 -1.29436 -0.643838 -0.854716 0.226775 0.651125 1.0784 0.882241 0.297692 -0.492649 -0.308865 -0.05855 -0.0518388 -0.0647631 -1.09597 -0.558849 0.217968 0.00113 0.450536 -0.207408 -1.15079 -1.07059 0.473944 -0.420875 0.435765 -0.00470375 -1.17479 0.166805 0.565264 -0.613223 -0.597209 -0.508831 0.671648 -0.410568 0.249216 0.601177 -0.365262 0.355693 -0.510545 -1.16724 -0.157058 0.104214 -0.0472156 -0.758236 0.343916 
0.996444 -0.337683 0.681859 1.09705 1.35938 0.210654 0.933646 -0.739581 -0.266521 0.0422593 0.591953 0.92486 0.458472 0.500109 0.583758 -0.969147 -0.252627 -0.452472 0.74382 0.0219797 1.11911 0.349232 0.398974 -0.254449 -1.30693 0.307617 -0.378188 -0.0333118 0.765328 -0.307783 1.0865 0.0247254 -0.763656 -0.316062 -1.06963 0.217437 -0.0247901 0.575988 0.212803 -0.113531 -0.294292 -0.056831 0.657629 -0.733765 0.0581215 0.118726 0.174287 0.0782191 0.840687 0.569211 0.904199 0.555248 0.214661 0.4891 0.378725 0.378209 0.0118045 0.775421 0.888754 0.120544 -0.0444244 1.2728 -0.422688 -0.523667 
0.745228 -0.135186 0.172858 0.49333 0.767719 -0.524963 -0.778282 0.0785995 -0.259912 1.05079 0.506853 -0.146324 -0.259071 0.53527 -0.458715 0.829292 0.983338 1.10857 1.27731 1.21871 0.948726 0.824584 -0.707383 1.02898 0.216075 0.113861 -0.0848544 0.770153 0.195132 0.160857 0.360333 -0.15931 0.522948 -0.841149 -0.102287 -0.830802 -0.50984 -0.0650445 0.0377708 -0.164504 -0.636032 -0.510063 -0.0294472 -0.301255 0.148208 -0.361951 0.74279 0.198942 -0.122227 0.740942 0.431778 0.219742 -0.0490224 1.17107 -0.137937 -0.694152 0.876068 -0.871855 -0.430913 -0.225133 0.694188 0.184575 -0.0772617 -0.480511 
0.269647 0.415223 0.17416 -0.752514 -1.21876 -0.266179 -0.0420213 -0.281617 0.0167307 1.17334 -0.148572 -0.580214 -0.625614 -0.0353885 -0.236352 -0.339424 0.674504 0.444004 -0.00444574 -0.519758 -0.389311 0.0266055 -0.301935 -0.679373 0.436818 -0.333895 0.552257 -0.0679061 0.254957 -0.0589934 -0.128975 -0.947411 0.158947 -0.76558 0.842451 0.548191 0.475925 -0.686981 -0.70139 -1.08121 -0.35723 -0.529346 -0.242051 0.491472 -0.23555 -0.490969 0.075172 -0.438314 0.468595 0.499437 -0.151488 0.0676537 -0.711639 0.396694 0.804295 0.548439 -0.0504204 -0.379554 0.570016 0.0265285 0.928922 0.4171 -0.294346 0.451078 
0.852519 -0.744482 -1.08433 0.180606 -0.547141 -0.189233 0.748858 0.427239 0.286262 -0.290842 -1.4835 0.257589 -0.82282 -0.600041 -0.437084 -0.0512577 -0.587423 0.884663 -1.0141 -0.955873 0.266755 -0.179714 -0.606864 -1.1022 0.0402855 -0.229031 -0.426972 0.403054 0.0140724 0.233035 -0.71376 0.365665 0.161049 -0.0590316 -0.745975 0.536907 0.985963 -0.894425 0.778807 0.30508 0.350214 -0.609157 0.52519 0.809903 -0.276175 0.49014 -0.399709 -0.5553 -0.916392 -0.672229 0.186077 0.555706 -1.03172 0.395825 0.0616611 0.398927 0.561682 -1.09953 -0.669687 -0.359822 0.63058 -0.67836 -0.344136 -0.0618275 
-0.748391 -0.287995 1.17195 -0.510896 -0.880553 -0.480807 0.265293 -0.339633 0.608397 -0.232325 1.13212 0.938434 -0.528563 -0.137702 -0.121134 -0.59421 -0.193226 -0.181115 0.0762152 0.656383 0.296167 -0.168346 -0.422594 -0.279047 0.337073 0.434665 -0.25669 -0.217327 0.0486087 0.551914 -0.647475 -0.145088 -0.55248 -0.454539 -0.972639 0.209291 1.35341 0.698998 -0.91891 -1.558 0.474539 0.262711 0.568435 1.1539 1.36653 0.0428811 -0.677686 0.404857 0.609988 0.00271471 -0.0497523 -0.127333 0.277994 -1.41642 -0.419807 -0.308609 -0.641514 -0.013247 -1.15397 -0.0986451 -0.579891 -0.018274 -0.756903 -0.548942 
0.442853 0.721861 0.854685 0.575218 0.586713 0.860368 -0.722456 -0.501961 -0.274715 -0.909458 0.915552 0.448651 -0.41236 -0.91326 -0.883067 -0.359681 0.238075 0.836011 0.351578 0.428632 -0.277387 -0.211555 0.184067 -0.415401 0.51338 -0.552197 -0.72517 0.595274 0.90588 -0.214261 -1.0305 -0.382969 -0.613011 -0.283759 0.976904 -0.528281 0.555631 -0.359195 0.210452 0.361622 0.45225 0.169773 -0.364993 0.468423 0.600213 0.36994 -0.289924 -0.520822 -1.11623 -0.729061 -0.423757 -1.20667 -0.443471 -0.650248 -0.293981 -0.718158 0.438239 -0.170148 -0.413709 -0.485762 0.275916 -0.218364 0.980963 0.836377 
-0.313749 -0.228817 -0.12512 0.734379 -0.0106182 0.321694 -0.438965 -0.888223 0.806542 0.404011 0.0732645 -0.35879 -1.10628 0.96567 0.638579 0.64294 -0.357404 -0.427598 -0.592236 -0.574386 -0.338005 -0.70637 0.856346 0.325291 -0.525229 1.15669 -0.0309162 0.339823 -0.236678 0.63629 0.656832 -0.923066 0.355915 -0.977421 -0.720958 -1.16523 -0.424413 0.572494 0.116211 -0.23985 0.222089 -0.092498 -1.00768 -1.08498 -0.780869 0.765506 0.0473613 0.216249 0.592251 0.126774 -0.463857 -0.174041 -0.0502558 -1.13924 -0.811964 -0.883585 -0.00398152 -0.54404 -0.338928 -0.54842 0.0233683 0.627596 -0.627045 -0.0975756 
-0.61596 -0.958079 1.04276 -0.434961 0.537974 -0.289081 0.690323 0.940836 -0.354274 -0.0816071 0.770167 -0.858701 -0.700635 0.983535 -0.244511 -0.333154 -0.705924 -0.467836 -0.672755 -0.0418778 0.367645 -0.898851 -0.456347 -0.261114 -0.0926766 -0.451565 -0.661333 0.154926 0.930156 -0.810042 0.810944 -0.66831 0.953587 0.450503 -0.285075 0.496702 -0.349366 -0.770492 -0.615417 0.0637686 0.327047 -0.669697 -0.825313 -0.0180729 -0.997735 -0.170777 -0.299712 -0.957011 0.564646 -0.596033 -1.13504 -0.20214 0.760113 0.548933 -0.705126 -0.133315 0.467838 -0.369404 -0.860781 0.144554 0.223578 0.35573 -0.508095 0.0533054 
0.647893 -0.688665 -0.413302 -0.990808 0.686466 0.60809 0.642352 -0.39129 0.0889303 -0.134289 -0.141043 -0.0848299 -0.406758 -0.550762 -0.365421 0.00698478 0.382076 -0.990832 -0.197453 -0.273676 0.0785934 -0.72099 0.477953 0.153637 0.271092 0.247379 -0.302145 0.122652 0.340263 0.981976 -0.619552 0.0734966 -0.650797 0.213891 0.121434 -0.656198 0.214054 1.13889 0.603213 -0.0239601 0.425881 -0.0995175 1.07002 -0.0163371 -0.26009 0.0924267 0.571387 0.553131 -1.55787 0.185789 0.0959795 0.436973 0.666909 -0.122339 0.369692 -0.564158 -0.548128 0.453309 -0.142484 0.464283 0.438171 -0.261025 -0.897861 -0.0541982 
-0.725155 -0.823132 0.901076 -0.432066 -0.364061 1.08068 -0.355166 0.156379 -0.191696 -0.582404 0.519079 1.13063 1.11649 1.12888 -0.872426 0.141732 -0.555892 -0.679281 0.138647 -0.31768 -0.16316 0.672203 0.41675 0.0399571 0.913468 0.445563 -0.968247 0.904765 0.655835 0.91448 0.967786 0.0515565 -0.161179 -0.459671 0.845835 0.855647 1.1823 0.748083 -0.640706 -0.316151 -0.462875 0.00522601 -0.0562418 0.125197 0.795178 0.747603 0.0855768 -0.762137 0.594904 -0.486216 0.104003 -0.457536 1.06743 -0.0616342 -0.834614 -0.604098 -0.0998374 -0.864255 -0.248976 0.6107 0.0831209 -1.14665 -0.82753 0.698291 
-0.290073 -0.130985 -0.507306 -1.01501 -0.611537 -0.672939 -0.154197 0.318877 -0.479977 -0.79674 0.250782 0.00020894 -1.17907 0.00311981 -0.897856 0.283657 0.800177 0.236777 -0.393352 -0.444314 0.261495 0.901257 -0.155442 -0.124686 -0.232927 0.0466403 0.712924 -0.399183 -1.02647 -0.893294 -0.259495 0.283589 0.280344 1.06922 0.850571 0.245478 -0.822328 -0.495985 0.567293 0.582317 -0.15701 -0.724694 0.191483 -0.491256 -0.496315 -0.375718 0.431528 -0.48649 -0.793624 -0.13355 0.254453 -0.70778 0.0835859 -0.346894 0.374985 0.338712 -1.15856 -0.123766 0.0207293 0.386411 1.19461 0.263694 -1.0574 0.0205297 
0.660267 0.513835 0.0546891 0.0283413 0.647388 -0.260741 -0.401499 -0.212049 -0.124801 -0.184152 0.242921 -0.889022 0.0549988 0.385547 0.0108892 -0.544658 -0.398418 -0.674226 0.826099 -0.182787 -0.437448 0.198444 -0.0267537 0.386069 0.180867 -1.0558 -0.132573 0.252225 1.07502 -0.338691 -1.50773 -1.04573 -0.374129 -0.988928 0.799033 0.208799 0.521314 0.174822 0.124431 -1.1765 -0.0348991 -0.173136 0.00770816 0.211122 0.752313 0.169635 0.131484 -0.831492 0.155581 1.57237 -0.832535 -0.316916 0.328807 -0.706679 0.621292 0.90329 -0.632044 0.580136 -0.71128 0.0419045 -0.715517 -0.276064 0.128467 0.489281 
-0.189219 -0.803998 -0.745317 -0.618091 1.1969 -0.339976 -0.909283 0.0889834 0.7793 -0.472369 0.877102 0.609647 -0.141605 0.5687 -0.4226 -0.308367 0.130976 0.776292 -0.431496 -0.646944 -1.25886 0.665474 -0.894478 -0.737771 -0.969249 1.15778 -1.00703 -0.5049 0.225032 -0.817146 0.178448 0.012534 1.00263 0.598172 -1.5555 -0.720973 -0.768339 -0.262581 0.684672 -0.655512 -0.167281 0.292769 0.657184 -0.277778 0.556311 0.249484 0.671551 1.17406 0.707864 0.15316 -0.270429 0.549167 1.09839 -0.0121609 0.974235 0.722163 -0.790969 -0.21296 0.543297 -0.432979 0.299015 0.767901 -0.338745 0.491222 
0.416379 -1.1206 0.651195 -0.304519 0.802488 -0.50107 0.765609 -0.527532 0.661894 -0.808374 1.15983 1.10245 -1.01856 0.795529 0.60331 -0.363493 -0.415891 -0.848074 -0.658843 0.807236 -0.799676 0.651776 -0.958367 -0.617328 -0.255415 -0.0621045 0.518896 -0.396839 0.0516638 0.2842 0.184327 0.10214 0.264239 0.937536 0.216604 -0.521612 0.0211198 0.582801 -0.200312 0.913558 -0.46409 0.166621 -0.190355 -0.414891 -1.41604 1.03077 0.644507 0.795511 0.791134 0.0438014 0.186529 -0.423117 0.0458193 0.449683 -1.27966 0.234216 -0.666116 0.00676506 0.258009 -0.529616 0.227526 0.626131 0.189591 -0.624299 
-0.747503 0.635607 -0.674226 -1.19432 -0.453655 -0.289752 0.0753036 0.17585 0.256778 -0.122317 -1.20418 -1.33951 -0.273755 -0.443036 -1.01149 -0.875209 -1.56846 -1.14872 0.246788 -0.614679 -1.33316 -0.452253 -0.639712 -0.915263 0.309893 -1.2075 -1.18225 -0.473794 -0.899078 -0.422416 -0.785027 0.14169 -0.0649495 -0.419163 -0.978974 -1.42134 -0.0655171 -1.23976 -0.542472 0.328121 0.182371 0.912944 -0.294034 0.353898 -0.468474 -0.0229672 0.553977 -0.850164 -0.730028 -0.341581 0.546713 0.635529 0.823636 0.183701 -0.525353 0.405181 0.318048 -0.46288 0.567526 -0.162496 0.930357 -0.643769 -0.920381 -0.839479 
0.923203 -0.836989 0.155099 -0.136938 0.537661 -0.51872 0.0714571 0.656285 0.224729 -0.803852 0.43564 -0.269797 0.217334 -1.07814 0.643485 0.666335 -0.263551 0.318534 -0.402687 -1.04028 -0.670296 -0.714383 -0.48171 -0.541279 -0.59585 0.734769 -0.34091 0.21225 0.0789782 0.160691 0.135816 -0.711214 0.208216 -0.948669 -0.47365 -0.371541 -0.65379 1.05128 0.0237014 -0.559332 -0.243513 0.287239 -1.10082 -1.10795 0.0724021 -0.425048 -1.22408 0.197615 -0.832776 -0.102627 -0.160725 -0.0348587 0.484366 -0.160462 -0.856439 -0.196732 -0.338636 -0.817372 0.904697 -0.791033 -0.22538 0.318332 -1.14158 0.699527 
-0.469425 0.844671 0.626047 -0.708465 0.151151 -0.509731 0.236223 -0.955793 -0.631005 0.181119 0.297687 -0.932049 -0.948048 0.402019 0.877575 -0.859814 -0.0142478 -0.9264 -0.189134 0.8906 0.497938 0.677942 -1.06714 0.0468623 -0.455988 0.236995 0.0254807 -0.662259 0.592734 0.162258 -0.638462 -0.219213 -0.34483 -0.363586 -1.23032 -1.2582 -1.15178 0.182037 -1.01128 -0.555927 -0.0850853 0.627335 0.307218 0.0248763 -0.815267 -0.548999 -0.238182 -0.438059 0.641903 0.533855 -0.614289 -1.13724 -0.558761 0.0850527 -0.541904 0.0297135 0.0292919 0.343566 0.919931 0.794886 0.271041 0.766017 0.329688 -0.0311439 
-0.231527 0.742427 0.570793 0.475524 -1.16464 -0.388228 -0.563277 -0.554222 1.03435 1.06998 -0.685553 0.238146 0.965095 0.153905 0.298325 0.562684 0.487358 0.953716 0.234763 0.0236611 1.23644 0.648254 -0.851762 -0.0237658 0.408762 0.312507 -0.915841 0.296434 -0.979472 0.155098 0.674522 -0.0662038 -0.113582 -0.454759 -0.102009 0.155973 -0.566433 -0.581727 0.54357 0.0424384 0.803123 0.214078 0.147384 0.485153 0.193712 0.947836 -0.553993 -0.495332 0.652853 -0.343523 0.693339 0.147869 -0.41782 0.820977 1.19926 0.129096 0.0120066 -0.858482 0.0634328 -0.448361 0.484483 0.0946036 0.224425 0.251529 
-0.241867 -0.504925 0.923522 -0.326628 0.491624 0.131892 -0.817014 0.0907119 0.23734 -0.101245 -0.855836 -0.510863 -0.0836625 -1.25274 -0.277026 -0.827645 -0.259234 -1.05697 -0.695541 -0.80659 -0.319822 -0.735499 -1.16839 -0.259858 0.627091 0.420681 -0.0693793 -0.792243 0.317701 -0.666343 -0.64511 0.477903 1.20071 0.459902 0.572565 -0.483772 -0.292883 0.734827 0.366333 -0.761355 0.237575 0.285959 0.466483 0.143198 0.0902241 1.18249 0.455697 0.632746 -0.0445792 0.194284 -0.684542 1.1351 0.0484476 0.509584 0.687506 -0.277935 0.540497 0.28281 0.778208 0.735173 0.916471 -0.678673 -0.906739 -0.288629 
0.768255 -0.322698 0.0715775 0.51551 -0.710853 -0.645295 -0.25272 1.04904 -0.775975 -0.41434 0.24933 0.554573 -1.04381 -0.0139905 0.882509 0.0886543 0.197965 0.759126 0.036167 -0.552151 -0.482386 -0.445467 -0.0923273 0.239087 -0.386176 0.398695 0.705993 0.912761 -0.488442 0.579318 0.80482 1.09475 0.0261564 -0.783533 0.578011 0.837874 -0.440199 -0.620363 0.125195 0.944545 -0.622803 0.652486 0.985451 1.0272 0.711905 0.775965 -0.671089 -0.324997 0.867109 -0.064773 0.536012 -0.464345 0.962069 -0.402959 1.1075 -1.01931 -0.935588 -0.654605 0.987159 -0.387567 0.070425 -0.103351 0.359114 0.149645 
-0.545303 -0.394108 0.456852 -0.296081 -0.134838 -0.187715 0.0511438 -0.266366 -0.328488 0.488183 -0.789738 -0.357109 0.566508 -0.589114 0.679039 -0.550524 -0.482901 0.361441 -0.76638 -1.32016 0.602284 -0.895368 -0.849716 0.306795 -0.645134 -0.149304 -0.278647 -0.76032 -1.28882 -0.202459 1.10856 0.353496 0.208035 0.486217 0.0454436 -1.12764 0.1431 -0.613395 0.286925 -0.0381815 0.700191 -0.446652 0.296891 -0.674068 0.0669148 0.23222 -0.0471491 0.313363 0.692146 0.0763763 -0.402722 0.760249 -0.87248 0.0781967 -0.641624 0.728279 -1.17013 -0.421097 -0.581474 0.859425 0.126278 0.305249 0.477609 -0.0924469 
-1.26057 -0.0902686 0.308933 -0.937947 -0.568873 0.19466 0.690597 0.342912 1.08508 0.745646 0.224541 0.938572 0.247149 0.588733 -0.732695 -0.216539 0.564007 -0.253547 0.793187 -0.169036 0.298405 0.512533 -0.196404 0.39453 1.38748 1.11285 0.399561 0.343554 0.0831779 -0.744044 0.746751 1.2068 0.338438 0.589042 -0.953827 -1.43646 -1.65027 0.26929 -0.850213 0.803723 -0.253996 -1.26067 0.227431 0.289692 -0.497017 -0.0520287 -0.321204 -0.365078 -0.822841 -1.81069 0.0774217 -0.338412 1.2364 -0.503114 -1.02418 0.0635412 -1.03054 -0.591643 0.329913 0.408871 1.56087 0.74972 -1.04473 -0.347954 
0.628154 -0.0792565 -0.490632 -0.314295 0.169663 -0.198517 0.528775 -0.0343426 -1.39863 0.336145 0.0560844 0.0694066 -0.905337 -0.130807 0.616277 0.175579 -1.66871 -0.990644 -0.828646 -0.196066 0.189598 0.43073 -1.03644 0.0652669 -0.766703 -0.869035 0.197292 0.482541 0.461822 -0.260052 -0.616237 -0.826588 0.162728 0.783206 0.518757 -0.578197 1.39677 0.568524 1.71326 0.44221 -0.0104591 0.647197 -0.149848 0.112829 -0.592161 1.1888 -0.328939 1.26352 1.34785 0.0178581 -0.686672 0.8124 -0.385409 -0.112695 0.756339 0.499548 1.10746 0.628286 -0.520791 -0.901176 0.284974 0.298999 -0.999727 -0.106469 
-0.0774463 0.756782 0.249381 0.240524 -0.0550779 -0.467416 0.70548 0.988474 0.0549235 0.141169 -0.436255 -0.18975 -0.606859 -0.379527 1.18887 -0.258252 -0.33507 0.103904 0.216592 -0.400279 0.668062 -0.450326 -0.126067 0.890331 -0.902794 -0.384585 1.16926 1.53649 0.0333466 0.693333 -0.665931 0.213644 -0.613469 0.544308 0.502243 0.324063 1.01202 -0.381493 -0.339167 1.06414 0.395049 -0.261906 0.34876 0.409614 -0.701611 -0.986531 0.00258292 2.13903 0.129708 0.0427558 -0.472534 -0.272964 -0.436812 -0.268096 1.42799 0.445696 0.888913 -0.051769 -1.21587 -0.595307 -0.115391 0.739485 0.504636 0.971224 
0.361954 -0.742397 -0.481278 0.590129 0.504919 -0.571322 -0.82586 -0.934947 -0.147532 -0.933055 -0.121998 0.0941082 -0.250223 0.664713 -0.788666 -0.275579 -0.247013 0.320516 1.06364 0.916321 0.495804 0.0769626 -0.439512 0.463589 -0.67254 -0.00268634 -0.251938 0.70784 -1.24029 -0.337379 -1.25108 0.446541 -0.931083 -0.983304 -0.618031 -0.66508 -0.234815 -0.876766 -0.817479 1.13162 -0.227418 -1.19247 -0.654959 0.477462 -1.09082 -1.17163 -0.0859256 -0.153273 -0.176895 -0.524995 -0.61696 -0.205902 1.422 0.353656 0.705315 0.277756 -0.136772 0.0628132 -0.0861649 -0.166435 0.498708 -0.766962 0.0107703 -0.457143 
0.232725 -0.31865 -0.706364 0.0198059 -0.119838 -0.750667 -0.846597 -0.251452 0.179565 0.45068 0.497916 -1.18017 0.730219 0.138768 -0.658589 -1.02407 0.22299 -0.419442 0.973647 0.546087 0.48858 -0.050753 -0.344291 -1.34055 -0.268225 -0.461517 -0.490807 -0.415633 0.524851 0.389938 -0.352845 -0.74621 0.365668 0.412577 -0.566057 -0.861491 -1.19447 0.648168 -0.596688 -0.664408 -0.622361 -0.0152947 1.00914 0.585929 0.331285 0.589122 1.02044 0.48391 1.1845 0.258396 0.616181 0.553344 -0.113835 -0.0757617 0.633758 -0.347679 0.7467 0.7598 0.148449 0.702669 -0.394682 -0.91851 0.152161 0.491398 
-0.0178937 0.0457026 -0.880902 -0.640256 -0.748565 0.271156 -0.366616 0.193596 0.855722 0.700865 -1.22112 -0.0746165 -0.27858 -0.0918117 -0.578028 0.152258 -0.898096 -0.381458 -0.206349 0.84029 0.74185 -0.260121 -0.0548842 -0.190045 0.573129 0.565529 0.968902 -1.11571 -1.49143 0.777193 0.177009 0.864392 1.35336 -0.54858 -0.908545 0.253214 -0.516392 0.225629 0.459757 0.573699 -0.116908 -0.00600243 0.223074 0.0309457 -0.921081 0.255374 0.284159 -0.860378 -0.900586 -1.24924 0.292243 0.724914 0.351842 0.106071 -0.848673 -0.870801 -0.0633174 -0.0751431 0.163007 0.70584 -0.104806 -0.348784 -0.54879 -0.358113 
0.299326 -0.197837 -0.271831 -0.741125 -0.351088 -0.779421 0.439549 0.188149 0.387173 0.586052 0.456571 0.919558 0.170646 -0.983142 -0.0850821 -0.517258 1.04279 -0.738802 -0.245379 -0.475372 -0.0167511 -0.0623937 0.739933 -1.42175 0.426305 0.464316 -0.639492 -1.30306 0.116795 -0.104841 0.319092 0.336742 
-0.30175 0.172853 0.041554 -0.164336 -1.15215 0.832679 -0.360595 -0.750669 0.0135355 -0.464606 0.32406 -0.488573 0.45429 0.252202 -0.865149 0.42399 -0.190985 -1.19646 0.228258 -0.66696 -1.01762 -0.405001 0.282385 -1.01389 -0.104286 -0.833972 0.980987 -0.598299 -0.517046 -0.81784 0.488953 -0.839139 
-1.50924 0.587096 -0.359067 0.194854 0.767423 -0.0345529 -0.0448281 -0.401486 -0.361731 0.243219 0.910004 -0.428492 0.041934 -0.328665 0.395388 -0.170681 0.577214 -0.750443 -0.541698 -0.405725 -0.927918 0.159909 -0.247402 0.237443 0.224874 0.686476 -0.33721 0.833715 0.0113963 0.346293 0.372669 -1.07229 
1.08752 1.39059 -2.2399 -0.0814607 -1.4859 1.94548 0.566611 0.233486 -0.562834 0.225558 -0.396632 -0.945905 -0.0807353 -0.599338 2.12916 -1.06687 -0.106846 -0.071152 -0.928223 -2.94224 -1.54156 -0.228289 0.546133 -0.733975 -0.921344 -1.92241 -2.00374 0.984131 1.57875 -2.44897 -0.10623 -2.16664 
0.0837893 0.365191 -0.129549 0.0679876 1.00881 0.904387 -0.3395 -0.170861 0.350568 0.451623 -0.480298 0.250654 0.0153652 0.253919 -0.353115 0.431462 -2.09005 -1.07917 -0.687484 -0.768059 -0.804744 0.645508 -0.612249 0.0265249 -0.901056 0.697755 1.24683 -0.153971 -0.802025 0.374953 -1.09007 0.222587 
-1.12299 1.13902 -0.0280406 -0.578038 -0.0750701 0.0742615 -0.237317 -0.46482 -0.692757 0.927971 -0.543352 0.0722057 0.670356 0.282703 -0.798784 0.584474 -0.0925027 -0.472605 0.724921 -1.12541 0.487435 0.630697 -0.0244857 -0.538184 -0.179761 0.287558 -0.550481 -0.333362 -0.228887 -0.905664 0.189614 -1.28306 
-0.223979 -1.38981 0.35718 2.14488 -0.804125 1.01383 -1.13042 -0.642331 -1.12107 -2.73587 -0.406802 -1.22199 -1.22139 1.08106 -0.547775 0.0558934 -1.06031 2.40389 1.03866 0.245485 -0.490135 0.0408015 -0.0149707 2.40821 0.39033 -1.00409 1.60583 0.843585 -1.99258 0.153006 0.116999 0.920784 
-1.01626 -0.0211363 0.13702 0.703876 0.70398 -0.22616 1.0675 -1.38324 -1.0351 -1.28788 -0.774775 0.387902 -0.248165 1.05285 -0.541082 -0.458238 -0.639873 0.00730262 1.35066 -1.85867 0.405881 0.192064 1.64302 0.105818 0.165714 -1.41497 1.70373 -1.56335 -1.47395 0.0667018 0.448785 -0.152094 
0.895088 -0.592437 2.04531 0.322812 -0.112909 -2.0693 -1.27801 -1.13631 1.21774 0.755801 -1.10178 1.27675 1.25073 0.0779821 -0.113334 1.43119 -0.261899 0.233365 -0.866188 3.26495 0.719955 0.409812 -0.499192 0.652497 0.274321 0.808156 -0.894636 -0.137078 -0.505066 0.876448 0.863924 -0.485244 
0.777386 0.470011 0.709154 0.0112895 -0.257636 -1.30984 -0.681607 0.543694 0.425927 -0.0116509 0.432045 -0.800323 1.10915 -0.464995 1.31407 -1.15371 0.98783 0.525232 -0.890426 0.29327 -0.126078 -0.290041 -0.960639 0.387634 -0.500889 -0.128702 -2.4108 1.81228 1.76734 -1.19043 0.569686 -1.21094 
0.180733 -0.314473 1.0039 -0.232197 -0.241277 0.702118 -0.170413 1.80402 -0.374961 -2.20574 
-0.0725346 0.0575537 0.0373785 1.99047 1.06256 -0.0202662 -1.3618 -0.186151 0.113121 -0.220091 
-0.989878 -1.0483 -0.00982901 1.97766 -0.276594 -1.22229 1.15058 -1.00563 -1.14028 -0.560212 
-0.419821 -0.623813 0.293605 -1.07772 -0.227165 0.875453 -0.449206 -0.0788493 1.29431 -0.196889 
-0.0192951 -0.794654 0.283761 -1.00187 0.519919 -1.27456 -0.170193 -0.970293 0.1827 1.33106 0.593695 1.04857 0.325985 -0.0970676 0.318004 0.115914 -0.312974 -0.952384 0.418231 1.89848 0.785348 -0.789708 -1.03256 -0.517037 0.482594 -0.207126 0.131432 -0.0814672 0.528784 1.20336 0.545923 0.608118 
-0.945785 0.0445708 0.361222 -0.969262 -0.590377 -0.177429 0.651886 0.0120002 0.859846 -0.858455 
-0.523797 -0.769407 -0.618349 0.230634 
